cam0:
  T_cam_imu:
  - [-0.05890891263313536, 0.9982014631017865, -0.011116612516295477, 0.04867981088954333]
  - [-0.5291531986627046, -0.0217813842935215, 0.8482466997538448, 0.2743005950281631]
  - [0.8464789615562888, 0.05585168179843614, 0.5294846147744771, -0.39221241390454215]
  - [0.0, 0.0, 0.0, 1.0]
  cam_overlaps: [1]
  camera_model: pinhole
  distortion_coeffs: [-0.16289394362063583, 0.08351833356682732, 0.012276483503048642,
    0.0006858966792660155]
  distortion_model: radtan
  intrinsics: [1138.83276975408, 1139.594698074792, 708.1729373830466, 617.1289738266081]
  resolution: [1600, 1200]
  rostopic: /cam_fl/image_raw/compressed
  timeshift_cam_imu: 0.04280051428389464
cam1:
  T_cam_imu:
  - [-0.04705956160847807, 0.9982264069697709, 0.03646146033059516, -0.04761907237504654]
  - [-0.5064101948449763, -0.055305248597595835, 0.8605173118738703, 0.2683750835041057]
  - [0.8610076144949541, 0.022031112222941296, 0.508114670006613, -0.4012766247978454]
  - [0.0, 0.0, 0.0, 1.0]
  T_cn_cnm1:
  - [0.9987979596211392, 0.03408727796427398, 0.03522347708049325, -0.0917754438229044]
  - [-0.03493974366234234, 0.9991041691888365, 0.02387621038395497, 0.005385621624085515]
  - [-0.034378047784356804, -0.025078209475068048, 0.9990942063889998, -0.0008669897458275737]
  - [0.0, 0.0, 0.0, 1.0]
  cam_overlaps: [0]
  camera_model: pinhole
  distortion_coeffs: [-0.16234962118670349, 0.08155626136084612, 0.006298812391653791,
    -0.003038632652138194]
  distortion_model: radtan
  intrinsics: [1138.6334240599165, 1138.774613252216, 720.1812627366363, 602.906549415305]
  resolution: [1600, 1200]
  rostopic: /cam_fr/image_raw/compressed
  timeshift_cam_imu: 0.04601032265763356
