cam0:
  T_cam_imu:
  - [-0.02040174310554052, 0.9997053956775198, 0.01314879201718594, 0.038758898252347344]
  - [-0.0007754863307892768, -0.013167348581780564, 0.9999130059921608, 0.15902727569112493]
  - [0.9997915620264097, 0.020389771567665138, 0.001043894732310785, -0.19034934552415453]
  - [0.0, 0.0, 0.0, 1.0]
  cam_overlaps: [1]
  camera_model: pinhole
  distortion_coeffs: [-0.16610165879624592, 0.1156504557423161, -5.9407782773707644e-05,
    0.0018508320481282106]
  distortion_model: radtan
  intrinsics: [1167.87421447215, 1166.9553764645004, 771.763112280329, 589.9626482585169]
  resolution: [1600, 1200]
  rostopic: /slave1/image_raw/compressed
  timeshift_cam_imu: -8.121e-05
cam1:
  T_cam_imu:
  - [0.015613801940073085, 0.9996883142256947, -0.01948033853825104, -0.20507470697326993]
  - [-0.002099498195225369, 0.01951544950968051, 0.9998073511120846, 0.15715182124409607]
  - [0.999875892946872, -0.015569895022889746, 0.002403554174920386, -0.1888256897931883]
  - [0.0, 0.0, 0.0, 1.0]
  T_cn_cnm1:
  - [0.9988191100312414, -0.03265399666204582, 0.03597362837397884, -0.23174740248476278]
  - [0.03269879251375563, 0.9994650352692684, -0.0006574513953816636, -0.003182895078150309]
  - [-0.03593291533589216, 0.0018329692277916023, 0.9993525232965935, 0.002501637070923825]
  - [0.0, 0.0, 0.0, 1.0]
  cam_overlaps: [0]
  camera_model: pinhole
  distortion_coeffs: [-0.17863115239034907, 0.13121795689445712, -6.741741965147593e-05,
    -0.002580879117584875]
  distortion_model: radtan
  intrinsics: [1165.9493476066016, 1167.2556820541186, 752.2788466729131, 580.9613365661235]
  resolution: [1600, 1200]
  rostopic: /slave2/image_raw/compressed
  timeshift_cam_imu: -8.121e-05
